0: [11, 15, 74, 79, 76]
1: [78, 44, 11, 29, 42, 28, 53]
2: [61, 97, 42, 52, 89, 54]
3: [8, 87, 68, 85]
4: [60, 37, 95]
5: [71, 50, 34, 39, 84, 61, 25, 72, 6, 57]
6: [91, 68, 84, 34, 57, 87, 15, 1]
7: [64, 2, 28, 83, 57, 35, 0, 67]
8: [87, 52, 89]
9: [93, 81, 38, 28, 86, 48, 69, 43, 60, 68]
10: [7, 67, 72, 43, 89, 3, 86, 40]
11: [80, 84, 86, 43, 5, 19]
12: [80, 44, 62, 9, 5, 20, 94, 42, 79]
13: [35, 4, 28, 73, 41, 82, 58]
14: [28, 67, 7, 31, 62, 50]
15: [36, 10, 8]
16: [90, 86, 94, 7, 4, 2, 60, 47, 46]
17: [37, 9, 92, 36, 39, 42, 68]
18: [93, 1, 55, 76]
19: [68, 72, 11, 48, 70, 31, 44, 52]
20: [77, 40, 42, 5, 93, 84, 90, 18, 80, 7]
21: [4, 43, 89, 10, 79, 12, 61, 1]
22: [28, 42, 95, 27, 47, 17, 51]
23: [97, 43, 41, 64]
24: [72, 63, 11, 22, 53, 85]
25: [43, 5, 69, 51, 72, 73, 30, 98]
26: [52, 13]
27: [13, 61, 42, 36, 19, 9]
28: [7, 2, 9, 22, 95]
29: [90, 40, 61, 43, 44, 77, 0]
30: [84, 57, 14, 22]
31: [24, 55, 94, 52, 75, 83, 22]
32: [25, 11, 77, 86, 6, 13]
33: [64, 43]
34: [36, 35, 56, 9, 97, 69, 64, 11]
35: [54, 95, 42, 19]
36: [7, 56, 78]
37: [89, 8]
38: [92, 9, 3, 98, 53, 22, 59, 13, 28, 61]
39: [8, 47, 68, 95, 69, 50, 21, 36]
40: [47, 20, 37, 84, 96, 11, 2]
41: [28, 90, 55, 86, 1, 79, 26, 43]
42: [46, 64, 85, 56]
43: [99, 17, 84, 44, 97, 19]
44: [52, 33, 51, 17]
45: [60, 19, 25, 52, 7, 12, 68, 40, 48, 28]
46: [9, 43, 17, 18, 67, 69, 54, 47, 85]
47: [91, 71, 87, 14]
48: [75, 33, 58, 3, 24, 62, 21, 27, 49, 66]
49: [88, 59, 92, 21, 77, 58, 80, 14, 48]
50: [66, 19, 4, 85, 65]
51: [17, 88, 81]
52: [73]
53: [43]
54: [33, 46, 99, 10, 30, 0]
55: [98]
56: [11]
57: [70, 74, 90, 58, 22]
58: [20, 71, 72]
59: [2, 27, 92, 62, 94, 30]
60: [39, 22, 4, 65, 72, 32, 43, 0, 10]
61: [51, 55, 9, 31, 4]
62: [18, 19, 79, 84, 32, 4, 8]
63: [4, 7, 84, 79, 2, 98, 74, 91]
64: [52, 9, 19, 79, 7, 4, 94, 37]
65: [11, 91, 92, 90, 60, 16, 1, 38]
66: [67, 39, 0]
67: [11]
68: [23, 67, 7, 74]
69: [55, 62, 49]
70: [82]
71: [55, 21, 35, 60, 30, 43, 94, 90, 6]
72: [38]
73: [9, 68, 63, 50]
74: [89, 94, 90, 26]
75: [40, 41, 39, 29, 43, 4]
76: [51, 97, 91, 59, 40]
77: [53, 79, 86, 27, 60]
78: [27, 70, 39, 90, 10, 29, 47]
79: [96, 56, 71, 38, 39, 49, 72, 40]
80: [72, 20]
81: [57, 58, 62, 27, 54]
82: [38]
83: [63]
84: [44, 2, 14, 6, 82, 18, 85, 38]
85: [38, 65]
86: [2, 99, 5]
87: [0, 49, 82, 53, 36, 67, 83, 25, 5]
88: [13, 7, 4, 44, 66, 14, 87, 85, 22, 28]
89: [59, 30]
90: [72, 67, 49, 4]
91: [46, 14, 13, 18, 42, 90, 17, 76]
92: [51, 17, 37, 82, 71, 9, 58, 33, 3]
93: [19]
94: [35, 76, 0, 31, 12, 13, 24, 68]
95: [58, 23, 32, 63]
96: [8, 69, 83, 40, 71, 43, 88, 36]
97: [19, 17, 48, 59, 64]
98: [40, 66, 15, 17, 51, 47]
99: [1, 31, 28, 59, 83, 56]
